$ 1 0.000005 10.20027730826997 50 5 50 5e-11
151 480 336 592 336 0 2 5 5
L 432 336 320 336 0 0 false 5 0
w 480 320 432 336 0
w 432 336 480 352 0
151 512 480 624 480 0 2 5 5
L 432 496 320 496 0 0 false 5 0
L 432 464 320 464 0 0 false 5 0
w 432 464 512 464 0
w 432 496 512 496 0
w 624 480 672 496 0
w 672 464 624 480 0
151 672 480 784 480 0 2 0 5
w 592 672 672 672 0
w 592 640 672 640 0
L 432 624 320 624 0 0 false 5 0
L 432 688 320 688 0 0 false 5 0
151 672 656 784 656 0 2 0 5
w 432 624 480 640 0
w 480 608 432 624 0
151 480 624 592 624 0 2 5 5
w 592 624 592 640 0
151 480 688 592 688 0 2 5 5
w 480 672 432 688 0
w 432 688 480 704 0
w 592 688 592 672 0
b 646 390 273 281 0
b 832 560 276 412 0
b 832 752 276 584 0
L 432 896 320 896 0 0 false 5 0
L 432 928 320 928 0 0 false 5 0
w 432 896 464 896 0
w 432 928 496 928 0
w 464 896 464 960 0
w 496 928 496 1024 0
w 576 1024 624 1040 0
w 624 1008 576 1024 0
151 624 1024 736 1024 0 2 5 5
151 624 896 736 896 0 2 5 5
w 624 880 576 896 0
w 576 896 624 912 0
w 496 1024 576 1024 0
w 464 896 576 896 0
w 496 928 496 832 0
w 1168 960 1168 944 0
w 1008 960 1056 976 0
w 1056 944 1008 960 0
151 1056 960 1168 960 0 2 5 5
w 1168 896 1168 912 0
151 1056 896 1168 896 0 2 5 5
w 1056 880 1008 896 0
w 1008 896 1056 912 0
151 1168 928 1280 928 0 2 0 5
w 464 960 736 960 0
w 496 832 736 832 0
151 896 848 1008 848 0 2 0 5
w 896 832 848 848 0
w 848 848 896 864 0
151 736 848 848 848 0 2 5 5
w 736 896 736 864 0
151 736 1008 848 1008 0 2 5 5
w 848 1008 896 1024 0
w 896 992 848 1008 0
151 896 1008 1008 1008 0 2 0 5
w 736 960 736 992 0
w 1008 896 1008 848 0
w 1008 960 1008 1008 0
b 1328 1104 277 775 0
x 660 303 711 306 4 24 NOT
x 846 431 898 434 4 24 AND
x 844 605 879 608 4 24 OR
x 1342 796 1392 799 4 24 XOR
